64
62
0 0
1 0
2 0
3 0
4 0
5 0
6 0
7 0
0 1
1 1
2 1
3 1
4 1
5 1
6 1
7 1
0 2
1 2
2 2
3 2
4 2
5 2
6 2
7 2
0 3
1 3
2 3
3 3
4 3
5 3
6 3
7 3
0 4
1 4
2 4
3 4
4 4
5 4
6 4
7 4
0 5
1 5
2 5
3 5
4 5
5 5
6 5
7 5
0 6
1 6
2 6
3 6
4 6
5 6
6 6
7 6
0 7
1 7
2 7
3 7
4 7
5 7
6 7
7 7
8 1 0
8 9 1
9 2 1
9 10 2
10 3 2
10 11 3
11 4 3
11 12 4
12 5 4
12 13 5
13 6 5
13 14 6
14 7 6
14 15 7
16 9 8
16 17 9
24 17 16
24 25 17
25 18 17
25 26 18
26 19 18
26 27 19
27 20 19
27 28 20
28 21 20
28 29 21
29 22 21
29 30 22
30 23 22
30 31 23
38 31 30
38 39 31
40 33 32
40 41 33
41 34 33
41 42 34
42 35 34
42 43 35
43 36 35
43 44 36
44 37 36
44 45 37
45 38 37
45 46 38
46 39 38
46 47 39
48 41 40
48 49 41
56 49 48
56 57 49
57 50 49
57 58 50
58 51 50
58 59 51
59 52 51
59 60 52
60 53 52
60 61 53
61 54 53
61 62 54
62 55 54
62 63 55